0.0000
0.2361
0.4635
0.8059
1.0308
1.1440
1.2568
1.3719
1.5984
1.8261
2.0564
2.2813
2.6227
2.6984
2.8453
2.9624
3.1902
3.4163
3.6424
3.8748
4.1006
4.4418
4.6722
4.7812
5.0078
5.2340
5.4632
5.6900
5.9183
6.1438
6.3685
6.5637
6.8252
7.0534
7.2479
7.7360
8.0745
8.3051
8.4186
8.6439
8.8685
9.0985
9.3278
9.5538
9.8945
10.1226
10.2360
10.4602
10.6878
10.9175
11.1469
11.3722
11.7185
11.9382
12.0543
12.2810
12.5072
12.7342
12.9636
13.1913
13.4163
13.6421
13.8715
14.0987
14.3244
14.5539
14.7807
15.0088
15.2346
15.3478
15.5764
15.6915
15.8029
15.9168
16.1424
16.3730
16.5989
16.8267
17.0515
17.1618
17.3934
17.5090
17.6220
17.7345
17.9625
18.1897
18.4171
18.6453
18.8715
18.9841
19.2135
19.3279
19.4410
19.5517
19.7802
20.0078
20.2344
20.4643
20.6871
20.8023
21.0298
21.1467
21.2599
21.3707
21.5976
21.7496
21.7998
22.0524
22.2822
22.5062
22.6193
22.8475
23.0767
23.1887
23.4163
23.6427
23.8047
23.8705
24.0992
24.3253
24.4381
24.6681
24.8939
25.0062
25.2341
25.4624
25.6886
25.9161
26.1424
26.2545
26.4851
26.7117
26.8242
27.0535
27.2803
27.5065
27.7360
27.9610
28.0754
28.3029
28.4171
28.5297
28.6449
28.8717
29.0971
29.5541
29.8927
30.1186
30.2371
30.3475
30.4622
30.6853
30.9143
31.3726
31.7116
32.0548
32.1671
32.2789
32.5064
32.7345
33.1902
33.5311
33.7554
33.8727
33.9847
34.0983
34.3228
34.5506
35.0084
35.3487
35.5749
35.6918
35.8021
35.9182
36.1400
36.3689
36.8260
37.1660
37.3927
37.5093
37.6202
37.7323
37.9579
38.1868
38.6455
38.9166
38.9837
39.2121
39.3274
39.4398
39.5522
39.7778
40.0048
40.4631
40.8029
41.0316
41.1465
41.2578
41.3715
41.5955
41.8226
42.2808
42.6222
42.8446
42.9636
43.0753
43.1915
43.4191
43.6410
43.8723
44.0987
44.4393
44.6658
44.7812
44.8933
45.0052
45.2325
45.4608
45.6898
45.9174
46.2571
46.4847
46.6000
46.7110
46.8255
47.0535
47.2804
47.5071
47.7359
48.0741
48.3017
48.4182
48.5274
48.6431
48.8298
49.0279
49.0991
49.3255
49.5545
49.7783
49.8919
50.0056
50.1202
50.2362
50.3485
50.4618
50.6873
50.8712
51.1438
51.3717
51.7120
51.9398
52.0535
52.1657
52.2784
52.5054
52.7349
52.9630
53.1900
53.5304
53.7576
53.8724
53.9862
54.0989
54.3254
54.5523
54.7808
55.0079
55.3466
55.5746
55.6903
55.8014
55.9170
56.1427
56.3721
56.5991
56.8276
57.0520
57.1663
57.2791
57.3923
57.5082
57.6184
57.7349
57.9607
58.1878
58.4170
58.6452
58.8688
58.9839
59.2114
59.3272
59.4381
59.5528
59.7817
60.0083
60.2344
60.4632
60.6886
60.8011
61.0301
61.1458
61.2574
61.3715
61.5986
61.8250
62.0517
62.2815
62.5054
62.8496
62.9641
63.0747
63.1895
63.4164
63.6461
63.8698
64.1004
64.3244
64.4415
64.6665
64.7827
64.8933
65.0083
65.2015
65.4611
65.6885
65.9181
66.1420
66.2558
66.4849
66.7130
66.8256
67.0528
67.2819
67.5068
67.7354
67.9609
68.0736
68.3038
68.4161
68.5305
68.6424
68.8697
69.0997
69.3257
69.5534
69.7787
69.8924
70.1209
70.2372
70.3476
70.4597
70.6895
70.9175
71.1429
71.3709
71.5968
71.7116
71.9392
72.1675
72.2804
72.5080
72.7334
72.9619
73.1894
73.4170
73.5295
73.7565
73.8723
73.9861
74.0973
74.3252
74.5519
74.7791
75.0069
75.2345
75.3481
75.5737
75.8033
75.9147
76.1423
76.3688
76.5989
76.8253
77.0519
77.1644
77.3929
77.6208
77.7327
77.9606
78.1879
78.4161
78.6441
78.8698
78.9837
79.2110
79.4380
79.5529
79.7787
80.0051
80.2349
80.4623
80.6881
80.8027
81.0305
81.2583
81.3700
81.5980
81.8246
82.0523
82.2804
82.5083
82.6194
82.8476
83.0771
83.1881
83.4154
83.6427
83.8710
84.0988
84.3254
84.4386
84.6660
84.8943
85.0061
85.2337
85.4612
85.6894
85.9166
86.1430
86.2569
86.4837
86.7113
86.8262
87.0529
87.2797
87.5075
87.7350
87.9611
88.0751
88.3022
88.4176
88.5297
88.6421
88.8685
89.0981
89.3240
89.5532
89.7783
89.8938
90.1200
90.2368
90.3475
90.4619
90.6886
90.9158
91.1428
91.3709
91.5961
91.7112
91.9389
92.0532
92.1661
92.2788
92.5057
92.7343
92.9615
93.1902
93.4167
93.5291
93.7566
93.8719
93.9850
94.1005
94.3259
94.5144
94.7796
95.0074
95.2342
95.3483
95.5759
95.6921
95.8023
95.9151
96.1424
96.3713
96.5975
96.8258
97.0512
97.1658
97.3937
97.5090
97.6204
97.7343
97.9612
98.1893
98.4155
98.6438
98.8690
98.9828
99.2111
99.3271
99.4388
99.5530
99.7789
100.0063
100.2362
100.4635
100.6897
100.8024
101.0293
101.1436
101.2561
101.3709
101.5984
101.8243
102.0523
102.2810
102.5071
102.6192
102.8478
103.0756
103.1872
103.4154
103.6408
103.8716
104.0994
104.2737
104.3246
104.4393
104.6659
104.8933
105.0051
105.2336
105.4613
105.6886
105.9171
106.1427
106.2569
106.4842
106.6003
106.7109
106.8252
107.0524
107.2780
107.5072
107.7354
107.9617
108.0746
108.3021
108.5288
108.6444
108.8693
109.0952
109.3253
109.5532
109.7793
109.8928
110.1205
110.3491
110.4601
110.6883
110.9151
111.1432
111.3711
111.5977
111.7110
111.9380
112.1661
112.2791
112.5066
112.7345
112.9617
113.1895
113.4154
113.5292
113.7572
113.8737
113.9845
114.3261
114.5529
114.7802
115.0078
115.2334
115.3481
115.5753
115.6914
115.8042
115.9189
116.1426
116.3698
116.5988
116.8274
117.0536
117.1658
117.3933
117.5098
117.6222
117.7344
117.9587
118.1901
118.4180
118.6444
118.8702
118.9863
119.2133
119.3277
119.4395
119.5525
119.7823
120.0085
120.2349
120.4611
120.6882
120.8008
121.0299
121.1466
121.2569
121.3716
121.5987
121.8254
122.0514
122.2787
122.5043
122.6198
122.8469
122.9644
123.0747
123.1904
123.4157