0.0000
0.2290
0.4391
0.8722
1.0822
1.1901
1.3001
1.4606
1.5131
1.7277
1.9411
2.1557
2.3670
2.5861
2.7979
2.9032
3.0109
3.2291
3.4436
3.6560
3.8687
4.2991
4.5087
4.6196
4.7292
4.9415
5.1576
5.3685
5.5820
5.7968
6.0153
6.2274
6.3333
6.4399
6.6572
6.8704
7.0845
7.2967
7.7276
7.9405
8.1565
8.3709
8.5848
8.7981
9.0109
9.2259
9.4422
9.7627
9.8685
10.0861
10.3001
10.5150
10.7250
11.1569
11.3717
11.5856
11.7996
12.0135
12.2270
12.4419
12.6555
12.8723
13.0796
13.1882
13.2971
13.5155
13.7278
13.9416
14.1534
14.5855
14.7996
15.0141
15.2273
15.4426
15.6544
15.8687
16.0834
16.2992
16.5077
16.6182
16.7248
16.9421
17.1568
17.3709
17.5819
18.0137
18.2259
18.4420
18.6556
18.8710
19.0838
19.2981
19.5108
19.7286
19.9403
20.1537
20.3717
20.5854
20.7988
21.0112
21.4422
21.6550
21.8716
22.0847
22.2984
22.5105
22.7248
23.1558
23.3693
23.5822
23.7997
24.0132
24.2278
24.4395
24.8716
25.0842
25.3010
25.5142
25.7282
25.9396
26.1535
26.3686
26.5837
26.7995
27.0107
27.2277
27.4422
27.6565
27.8680
28.2996
28.5118
28.7277
28.9400
29.1566
29.3694
29.5819
29.7948
30.0144
30.2252
30.4397
30.6561
30.8702
31.0848
31.2971
31.7276
31.9416
32.1568
32.3706
32.5862
32.7966
33.0109
33.2250
33.4410
33.6537
33.8682
34.0856
34.2986
34.5129
34.7249
35.1555
35.3680
35.4765
35.7985
36.0135
36.2267
36.4404
36.8705
37.0846
37.1895
37.2962
37.5141
37.7291
37.9433
38.1531
38.5865
38.7979
38.9024
39.0128
39.2274
39.4422
39.6560
39.8702
40.0815
40.3008
40.5133
40.7245
40.9416
41.1552
41.3695
41.5817
42.0129
42.2251
42.3328
42.6548
42.8703
43.0830
43.2968
43.5117
43.7275
43.9393
44.0457
44.1535
44.3707
44.5855
44.7985
45.0107
45.4402
45.6548
45.7600
46.0834
46.2985
46.5122
46.7263
46.9409
47.1572
47.3681
47.4725
47.5824
47.8000
48.0130
48.2269
48.4401
48.8698
49.0826
49.1891
49.5125
49.7276
49.9417
50.1530
50.3688
50.5846
50.7958
50.9023
51.0112
51.2265
51.4413
51.6553
51.8678
52.2998
52.5108
52.7295
52.9408
53.1564
53.3696
53.5824
53.7974
54.0134
54.2276
54.4392
54.6566
54.8713
55.0855
55.2963
55.5116
55.6188
55.7268
55.8885
55.9397
56.0461
56.1567
56.2857
56.3693
56.5847
56.7982
57.0128
57.2266
57.3337
57.4429
57.6554
57.8688
58.0847
58.2985
58.5129
58.7255
58.9395
59.0465
59.1556
59.3698
59.4745
59.5851
59.7999
60.0144
60.2270
60.4393
60.6530
60.7602
60.8705
61.0840
61.2964
61.5129
61.7267
61.9403
62.1530
62.3690
62.4774
62.5842
62.7967
62.9019
63.0129
63.2252
63.4411
63.6551
63.8684
64.0813
64.1904
64.2986
64.5122
64.7256
64.9404
65.1550
65.3703
65.5825
65.7993
65.9056
66.0139
66.2265
66.4419
66.6550
66.8688
67.0844
67.2987
67.5124
67.6146
67.7286
67.9406
68.1535
68.3695
68.5830
68.7983
69.0117
69.2255
69.3342
69.4412
69.6539
69.8708
70.0846
70.2982
70.5114
70.7246
70.9410
71.0488
71.1554
71.3693
71.4748
71.5829
71.7983
72.0134
72.2276
72.4397
72.6561
72.7624
72.8700
73.0825
73.1877
73.2983
73.5118
73.7268
73.9402
74.1549
74.3698
74.5848
74.7981
75.0110
75.2270
75.4400
75.6551
75.8682
76.0839
76.1907
76.2976
76.5096
76.6177
76.9402
77.1549
77.3679
77.5827
77.7982
77.9053
78.0136
78.2258
78.3334
78.4400
78.6556
78.8697
79.0833
79.2963
79.5129
79.6211
79.7284
79.9401
80.0451
80.1571
80.3693
80.5833
80.7971
81.0102
81.2241
81.3344
81.4419
81.6547
81.8673
82.0835
82.2973
82.5125
82.7254
82.9402
83.0484
83.1552
83.3677
83.4761
83.5851
83.7979
84.0130
84.2257
84.4394
84.6550
84.7631
84.8698
85.0823
85.1902
85.2963
85.5122
85.7276
85.9415
86.1534
86.3693
86.4745
86.5832
86.7976
87.0143
87.2270
87.4413
87.6548
87.8682
88.0825
88.1898
88.2981
88.5123
88.7251
88.9408
89.1562
89.3705
89.5822
90.0134
90.2256
90.3329
90.4442
90.6565
90.8704
91.0827
91.2971
91.7284
91.9413
92.0476
92.1538
92.3717
92.5859
92.8009
93.0108
93.4434
93.6568
93.7576
93.8711
94.0858
94.2995
94.5115
94.7274
94.9382
95.1581
95.3687
95.4722
95.5830
95.8010