0.0000
0.2161
0.4190
0.6277
0.7331
0.8307
0.9417
1.1456
1.2486
1.4531
1.6610
1.8706
2.0782
2.2817
2.3882
2.5962
2.7990
2.9040
3.1093
3.3154
3.5243
3.7344
3.9365
4.0431
4.1388
4.2511
4.4530
4.5591
4.7658
4.9702
5.1790
5.3886
5.5908
5.6981
5.9051
6.1083
6.2140
6.4210
6.6309
6.8354
7.0429
7.2474
7.3536
7.4525
7.5595
7.6619
7.8685
8.0759
8.2853
8.4878
8.6968
8.9054
9.0090
9.1110
9.2158
9.3164
9.5233
9.7301
9.9396
10.1463
10.3515
10.5605
10.6639
10.7653
10.8712
10.9729
11.0742
11.1783
11.3847
11.5932
11.8012
12.0056
12.2115
12.3187
12.4200
12.5256
12.6299
12.8347
13.0386
13.2478
13.4550
13.6601
13.8693
13.9749
14.0746
14.1800
14.2820
14.4901
14.6999
14.9022
15.1089
15.3145
15.4907
15.6299
15.7303
15.8354
15.9382
16.1452
16.3544
16.5567
16.7666
16.9690
17.1770
17.2843
17.3842
17.4914
17.5926
17.8001
18.0088
18.1855
18.4214
18.6300
18.8317
18.9399
19.0393
19.1462
19.2487
19.4554
19.6628
19.8656
20.2839
20.5958
20.6973
20.8006
20.9031
21.1095
21.3159
21.5237
21.7309
21.9383
22.1409
22.2499
22.3507
22.4563
22.5585
22.7643
22.9705
23.1802
23.5920
23.7976
23.9048
24.0061
24.1103
24.2124
24.4194
24.6251
24.8339
25.0414
25.2490
25.4545
25.5598
25.6615
25.7659
25.8680
26.0750
26.2795
26.4885
26.9012
27.2157
27.3166
27.4219
27.5240
27.7306
27.9344
28.1444
28.3511
28.5586
28.7637
28.8701
28.9711
29.0758
29.1788
29.3865
29.5890
29.7977
30.2162
30.5257
30.6271
30.7312
30.8338
31.0415
31.2489
31.4549
31.6615
31.8689
32.0732
32.1806
32.2807
32.3881
32.4886
32.6966
32.9028
33.1068
33.5243
33.8362
33.9386
34.0428
34.1449
34.3503
34.5280
34.7649
34.9702
35.1798
35.3824
35.4900
35.5924
35.6966
35.7995
36.0059
36.1739
36.4218
36.8350
37.0402
37.1466
37.2472
37.3524
37.4539
37.6607
37.8666
38.0760
38.2798
38.4903
38.6973
38.7999
38.9021
39.0070
39.1101
39.3168
39.5208
39.7298
40.1451
40.3487
40.4572
40.5575
40.6631
40.7658
40.9707
41.1757
41.3865
41.5941
41.7999
42.0054
42.2123
42.3171
42.4198
42.6281
42.8301
43.0390
43.4551
43.7676
43.8681
43.9747
44.0748
44.1756
44.2816
44.4907
44.6968
44.9022
45.1093
45.3147
45.4201
45.5236
45.6267
45.7299
45.9375
46.1444
46.3543
46.7663
47.0778
47.1794
47.2844
47.3857
47.5922
47.7987
48.0068
48.2139
48.4215
48.6273
48.7322
48.8336
48.9390
49.0398
49.2469
49.4532
49.6628
50.0746
50.3878
50.4877
50.5941
50.6946
50.7976
50.9025
51.1080
51.3186
51.5239
51.7312
51.9372
52.0423
52.1435
52.2493
52.3519
52.5585
52.7625
52.9705
53.3837
53.6990
53.7995
53.9033
54.0069
54.2141
54.4169
54.6278
54.8336
55.0410
55.2464
55.3532
55.4536
55.5585
55.6617
55.8693
56.0775
56.2800
56.6990
57.0087
57.1091
57.2136
57.3169
57.5242
57.7314
57.9372
58.1449
58.3509
58.5555
58.6632
58.7634
58.8686
58.9716
59.1789
59.3854
59.5894
59.8003
60.0074
60.3194
60.4213
60.5222
60.6272
60.8334
61.0401
61.2480
61.3945
61.4547
61.6620
61.8703
61.9747
62.0748
62.1807
62.2829
62.4880
62.6956
62.9034
63.1143
63.3157
63.5214
63.6293
63.7305
63.8345
63.9382
64.1432
64.3492
64.5588
64.7658
64.9728
65.1780
65.2848
65.3862
65.4874
65.5926
65.7981
66.0041
66.2122
66.4196
66.6249
66.9404
67.0407
67.1443
67.2484
67.4539
67.6595
67.8687
68.0744
68.2830
68.4877
68.5949
68.6953
68.9034
69.1087
69.3154
69.5212
69.7308
69.9401
70.1435
70.2497
70.3513
70.4551
70.5586
70.7637
70.9701
71.1789
71.3863
71.5934
71.7966
71.9049
72.0056
72.1071
72.2133
72.4194
72.6255
72.8349
73.2487
73.4505
73.5605
73.6615
73.8700
74.0746
74.2812
74.4888
74.6364
74.6963
74.9042
75.1120
75.3164
75.5245
75.7291
75.9358
76.1453
76.5595
76.7633
76.8705
76.9715
77.1789
77.3842
77.5919
77.7997
78.0070
78.2145
78.4201
78.6263
78.8345
79.0393
79.2466
79.4529
79.8686
80.0721
80.1812
80.2842
80.4897
80.6944
80.9021
81.1094
81.3179
81.5243
81.7289
81.9365
82.1443
82.3499
82.5565
82.7626
83.1784
83.3809
83.4913
83.5937
83.7986
84.0056
84.2126
84.4198
84.6275
84.8340
85.0381
85.2483
85.4541
85.6610
85.8660
86.0728
86.2829
86.4890
86.8019
86.9032
87.1100
87.3164
87.5225
87.7315
87.9378
88.1448
88.3521
88.4565
88.5578
88.7660
88.9709
89.1775
89.3848
89.7999
90.1127
90.2130
90.4207
90.6260
90.8335
91.0410
91.2480
91.4549
91.6611
91.7671
91.8685
92.0757
92.2813
92.4881
92.6943
92.9030
93.1101
93.4225
93.5245
93.7303
93.9366
94.1431
94.3524
94.5596
94.7655
94.9703
95.0768
95.1802
95.3848
95.5919
95.7977
96.0037
96.2121
96.4198
96.7328
96.8344
97.0414
97.2476
97.4539
97.6612
97.8690
98.0765
98.2792
98.3871
98.4899
98.6969
98.9024
99.1081
99.3124
99.7317
100.0440
100.1446
100.3515
100.5574
100.7627
100.9715
101.1792
101.3861
101.5941
101.7993
102.0075
102.2124
102.4188
102.6266
103.0423
103.2446
103.3536
103.4547
103.6631
103.8670
104.0750
104.2809
104.4900
104.6969
104.9024
105.1094
105.3168
105.5226
105.7294
105.9356
106.3518
106.6641
106.7671
106.9723
107.1778
107.3845
107.5925
107.7992
108.0069
108.2114
108.4208
108.6269
108.8331
109.0390
109.2448
109.6614
109.8676
109.9740
110.0754
110.2827
110.4878
110.6946
110.9029
111.1105
111.3170
111.5204
111.7308
111.9385
112.1435
112.3497
112.5584
112.7648
112.9728
113.2855
113.3860
113.5930
113.7983
114.0048
114.2139
114.4208
114.6286
114.8344
114.9399
115.0407
115.2481
115.4534
115.6602
115.8680
116.0747
116.2831
116.4872
116.5947
116.6961
116.9033
117.1094
117.3158
117.5239
117.7303
117.9380
118.1431
118.2492
118.3503
118.5583
118.7638
118.9706
119.1770
119.3852
119.5930
119.7955
119.9056
120.0064
120.2144
120.4197
120.6256
120.8340
121.0412
121.2488
121.4526
121.5605
121.6618
121.8680
122.0749
122.2803
122.4863
122.6970
122.9038
123.2155
123.3176
123.5229
123.7296
123.9361
124.1445
124.3510
124.5581
124.7680
124.8696
124.9719
125.1804
125.3849
125.5915
125.8011
126.0078
126.2133
126.4175
126.5260
126.6271
126.7312
126.8354
127.0403
127.2469
127.4550
127.5977
127.6619
127.8675
128.0749
128.1820
128.2821
128.3866
128.4901
128.5904
128.6957
128.9022
129.1096
129.3168
129.5220
129.7307
129.8365
129.9364
130.0420
130.1449
130.3505
130.5566
130.7639
130.9734
131.1825
131.3847
131.4915
131.5947
131.6948
131.7995
132.0057
132.2121
132.4184
132.6284
132.8373
133.0391
133.1467
133.2475
133.3516
133.4556
133.6614
133.8668
134.0730
134.2828
134.4915
134.6937
134.8022
134.9025
135.0051
135.1101
135.3163
135.5224
135.7341
135.9383
136.1460
136.3548
136.4569
136.5561
136.6631
136.7653
136.9715
137.1763
137.3882
137.5929
137.8002
138.0088
138.1118
138.2126
138.3176
138.4198
138.6263
138.8309
139.0423
139.2516
139.4543
139.6622
139.7675
139.8646
139.9725
140.1798
140.2819
140.4875
140.6964
140.9013
141.1087
141.3168
141.4226
141.5189
141.6313
141.8340
141.9374
142.1419
142.3505
142.5603
142.7668
142.9722
143.0775
143.2865
143.4884
143.5934
143.7961
144.0052
144.2147
144.4240
144.6260
144.7330
144.8291
144.9406
145.1434
145.2487
145.4567