0.4
1.0
1.5
1.8
2.3
3.2
3.9
4.3
4.7
5.3
6.3
7.0
7.5
7.9
8.3
9.2
10.0
10.3
10.6
11.0
11.3
12.2
13.0
13.6
14.0
14.3
15.3
16.0
16.4
16.7
17.4
18.2
19.0
19.6
20.0
20.4
21.2
22.0
22.4
22.7
23.4
23.8
24.2
25.0
25.6
26.0
26.6
27.2
28.0
28.6
29.0
29.5
30.2
30.5
30.9
31.9
32.5
32.7
32.8
33.2
33.5
33.7
33.8
34.0
34.2
34.4
34.6
35.0
35.2
35.3
35.5
35.7
35.9
36.0
36.2
36.6
37.0
37.1
37.3
37.5
37.9
38.1
38.3
38.5
38.6
38.8
39.2
39.4
39.6
39.8
40.3
40.5
41.0
41.2
41.3
41.5
42.3
42.6
42.7
43.4
43.8
44.3
45.2
46.0
46.3
46.7
47.3
48.2
49.0
49.3
49.7
50.3
51.2
52.0
52.6
53.0
53.3
54.2
55.0
55.6
56.0
56.4
57.2
58.0
58.6
59.3
59.7
59.9
60.2
60.6
61.0
61.6
62.0
62.3
63.2
63.9
64.4
64.7
65.3
66.2
66.4
67.0
67.6
68.3
68.8
69.2
70.0
70.6
71.0
71.4
71.8
72.2
72.5
72.6
72.8
73.0
73.2
73.4
73.5
74.0
74.1
74.3
74.5
74.6
74.8
75.0
75.3
75.4
75.6
75.8
76.0
76.2
76.4
76.6
77.4
77.9
78.2
78.4
78.6
78.7
78.9
79.1
79.3
79.5
80.0
80.5
80.8
81.2
81.4
81.6
81.8
81.9
82.1
82.3
82.5
83.0
83.2
83.4
83.5
83.7
83.9
84.1
84.2
84.5
84.7
85.0
85.2
85.4
85.6
85.9
86.1
86.3
86.5
86.7
86.8
87.0
87.3
87.5
87.7
87.8
88.0
88.2
88.4
88.6
88.9
89.1
89.3
89.5
89.7
89.9
90.0
90.2
90.4
90.6
90.7
90.9
91.1
91.3
91.5
91.6
93.2
93.3
93.5
93.7
93.9
94.0
94.4
94.5
95.0
95.5
96.2
97.0
97.6
98.0
98.3
99.2
99.9
100.6
101.0
101.3
102.2
103.0
103.6
104.0
104.3
105.2
106.1
106.6
107.3
108.3
109.0
109.7
110.4
111.3
112.0
112.3
112.7
113.3
114.2
