0.3
0.6
0.9
1.2
1.5
1.9
2.2
2.6
3.0
3.4
3.8
4.1
4.5
4.8
5.2
5.6
6.0
6.8
7.5
7.8
8.2
9.0
9.7
10.1
10.3
10.6
11.1
11.2
11.6
12.0
12.8
13.1
13.4
13.7
13.9
15.0
15.7
16.3
16.5
16.7
16.9
17.1
17.3
18.0
18.8
19.2
19.3
19.7
20.0
21.0
21.7
22.1
22.3
22.6
22.8
23.0
23.2
23.3
24.0
24.8
25.2
25.3
25.5
26.0
26.2
26.5
27.0
27.3
27.6
28.2
28.4
28.7
29.1
29.3
29.6
30.0
30.4
30.8
31.0
31.2
31.3
31.6
31.9
32.3
32.7
33.0
33.4
33.8
33.9
34.1
34.3
34.7
35.1
35.5
36.0
36.8
37.1
37.4
37.7
37.9
38.2
39.0
39.7
40.1
40.3
40.7
40.8
41.0
41.3
42.0
42.7
43.1
43.2
43.6
44.0
45.0
45.7
46.1
46.3
46.6
46.8
47.0
47.2
47.4
47.7
48.0
48.8
49.1
49.3
49.7
50.1
50.6
51.0
51.7
52.1
52.3
52.4
52.6
52.9
53.1
53.3
53.6
54.0
54.7
55.1
55.3
55.4
55.7
56.1
56.7
57.0
57.7
58.1
58.3
58.7
58.8
59.0
59.1
59.3
59.7
60.0
60.7
61.0
61.2
61.3
61.7
61.9
62.3
63.0
63.7
64.1
64.3
64.4
64.7
64.9
65.1
65.2
65.6
66.0
66.7
66.9
67.1
67.3
67.7
68.1
68.6
69.0
69.7
70.1
70.3
70.6
70.8
71.0
71.2
71.3
71.6
72.0
72.8
73.1
73.3
73.7
73.9
74.1
74.6
75.0
75.7
76.2
76.4
76.7
76.9
77.1
77.3
77.6
78.0
78.7
79.1
79.3
79.7
80.1
80.6
81.0
81.7
82.1
82.3
82.6
82.8
83.0
83.2
83.6
84.0
84.8
85.1
85.3
85.7
86.0
87.0
87.7
88.1
88.3
88.7
88.9
89.0
89.2
89.6
90.0
90.8
91.1
91.3
91.7
92.0
93.0
93.7
94.1
94.3
94.7
94.9
95.0
95.2
95.6
96.0
96.8
97.1
97.3
97.8
98.1
98.4
98.7
99.0
99.4
99.8
99.9
100.1
100.3
100.7
100.8
101.0
101.3
101.6
102.0
102.4
102.8
102.9
103.1
103.3
103.7
104.1
104.3
104.7
105.0
105.3
105.7
105.9
106.1
106.3
106.7
106.9
107.1
107.3
107.6
108.0
108.8
109.1
109.3
109.7
110.1
110.6
111.0
111.8
112.1
112.3
112.7
113.1
113.2
113.4
113.7
114.0
114.8
115.1
115.3
115.7
116.1
116.6
117.0
117.7
118.1
118.3
118.7
118.8
119.1
119.3
119.6
120.0
120.8
121.5
121.9
122.3
122.7
123.0
123.4
123.8
124.2
124.5
124.9
125.3
125.7
126.0
