0.5
1.1
1.6
2.2
2.8
3.3
4.0
4.5
5.0
5.6
6.3
6.9
7.5
8.2
8.8
9.3
9.9
10.9
11.4
12.0
12.7
13.5
14.2
14.8
15.3
15.9
16.6
17.2
18.0
18.5
19.1
19.8
20.6
21.1
21.7
22.5
23.0
23.6
24.0
24.1
24.7
25.5
26.0
26.6
27.3
27.9
28.5
29.0
29.6
30.3
30.9
31.5
32.2
32.8
33.3
34.1
34.6
35.2
36.0
36.5
37.1
37.6
38.4
38.8
39.3
39.7
40.3
40.8
41.2
41.6
42.1
42.5
43.1
43.5
44.2
44.6
45.0
45.5
45.9
46.5
47.0
47.4
48.0
48.5
48.9
49.5
50.2
50.6
51.1
51.5
52.1
52.6
53.0
53.6
54.3
54.7
55.5
56.2
56.6
57.0
57.5
57.9
58.5
59.0
59.4
60.0
60.3
60.7
61.1
61.5
62.2
62.6
63.0
63.3
63.9
64.5
64.8
65.2
65.6
66.0
66.3
66.7
67.5
67.8
68.2
68.6
69.1
69.7
70.1
70.5
71.0
71.4
71.8
72.1
72.7
73.5
73.8
74.4
74.8
75.3
75.7
76.5
76.8
77.2
78.0
78.3
78.5
78.7
79.1
79.5
79.8
80.2
80.6
81.1
81.5
82.1
82.6
82.8
83.2
83.4
83.6
84.0
84.1
84.5
84.7
85.1
85.3
85.5
85.8
86.2
86.6
86.8
87.0
87.3
87.7
88.1
88.3
88.5
88.8
89.2
89.6
90.0
90.3
90.5
90.7
91.1
91.5
91.9
92.2
92.4
92.6
92.8
93.3
93.7
93.9
94.1
94.3
94.9
95.0
95.2
95.4
95.6
95.8
96.5
96.7
96.9
97.1
97.3
98.2
98.4
98.6
98.8
99.3
99.7
99.9
100.3
100.6
101.0
101.6
102.0
102.3
102.7
103.1
103.3
103.5
104.0
104.2
104.4
104.6
105.0
105.3
105.7
106.1
106.5
106.8
107.2
107.4
107.6
108.0
108.3
108.9
109.5
109.8
110.2
110.4
110.6
111.0
111.3
111.5
111.9
112.1
112.5
112.8
113.0
113.2
113.4
113.8
114.3
114.7
114.9
115.1
115.5
115.8
116.4
116.6
117.0
117.1
117.5
117.9
118.1
118.5
118.8
119.4
119.8
120.0
120.1
120.3
120.5
120.7
121.3
121.6
121.8
122.0
122.2
122.4
123.0
123.5
123.9
124.1
124.3
124.5
124.8
125.0
125.2
125.4
125.6391
125.8235