1.0
1.8
2.8
3.6
4.4
5.4
6.5
7.2
8.0
8.8
9.5
10.4
11.1
11.9
12.7
13.4
14.3
15.0
15.8
16.5
17.1
17.7
18.4
19.2
19.7
20.6
21.1
21.7
22.5
23.0
23.6
24.3
24.8
25.4
25.9
26.4
27.0
27.5
28.0
28.6
29.5
30.1
30.6
31.3
32.0
32.5
33.1
33.7
34.3
35.0
35.5
36.1
36.8
37.3
37.7
38.1
38.6
39.2
39.7
40.4
40.8
41.2
41.8
42.6
43.1
43.6
44.0
44.6
45.2
45.9
46.4
47.0
47.5
48.0
48.4
48.8
49.3
49.7
50.1
50.6
51.1
51.7
52.1
52.7
53.5
53.9
54.5
55.0
55.3
55.8
56.3
56.8
57.2
57.6
58.1
58.6
59.2
59.7
60.2
60.6
61.0
61.5
62.0
62.5
62.9
63.4
63.8
64.3
64.7
65.2
65.6
66.1
66.7
67.2
67.7
68.3
68.8
69.3
69.7
70.1
70.6
70.9
71.5
72.1
72.7
73.4
73.9
74.5
75.0
75.5
75.9
76.3
76.8
77.3
77.7
78.1
78.6
79.2
79.7
80.2
80.6
81.2
81.8
82.0
82.5
83.0
83.6
84.0
84.4
85.0
85.4
85.9
86.4
86.8
87.2
87.7
88.3
88.6
88.8
89.3
89.8
90.2
90.6
91.1
91.7
92.2
92.7
93.1
93.7
94.1
94.7
95.2
95.6
96.1
96.5
97.0
97.5
97.9
98.4
98.8
99.3
99.7
100.0
100.2
100.4
101.0
101.5
101.8
102.5
103.0
103.1
103.4
103.8
104.3
104.8
105.0
105.2
105.9
106.4
106.7
107.0
107.5
107.9
108.5
109.0
109.5
110.1
110.6
111.1
111.5
111.9
112.5
112.9
113.4
113.7
114.3
114.7
115.0
115.2
115.6
116.1
116.5
117.0
117.3
117.9
118.1
118.4
118.9
119.4
119.7
120.2
120.4
121.0
121.5
122.0
122.2
122.5
123.0
123.4