1.0
1.9
2.7
3.4
4.5
5.3
6.0
6.8
7.7
8.5
9.2
9.8
10.5
11.1
12.0
12.6
13.1
13.9
14.7
15.6
16.2
16.9
17.5
18.2
18.8
19.5
20.1
20.7
21.4
22.0
22.5
23.1
23.5
24.0
24.8
25.3
25.9
26.5
27.0
27.6
28.2
28.7
29.3
30.0
30.6
31.2
31.7
32.3
33.0
33.6
34.2
34.7
35.3
36.0
36.8
37.5
38.1
38.7
39.2
39.8
40.3
40.9
41.5
42.0
42.6
43.2
43.7
44.3
45.0
45.7
46.2
46.7
47.3
47.8
48.4
49.0
49.5
50.1
50.7
51.2
51.8
52.5
53.1
53.7
54.2
54.8
55.5
56.0
56.5
57.0
57.6
58.2
58.7
59.3
59.7
60.2
60.6
61.2
61.7
62.1
62.7
63.2
63.6
64.0
64.5
65.1
65.7
66.2
66.6
67.2
67.7
68.1
68.7
69.2
69.6
70.0
70.5
70.9
71.4
72.0
72.4
73.0
73.5
73.9
74.5
75.0
75.6
76.0
76.5
76.9
77.3
77.7
78.2
78.6
79.2
79.7
80.1
80.5
81.0
81.4
81.8
82.2
82.7
83.1
83.5
84.0
84.4
84.8
85.2
85.7
86.1
86.7
87.2
87.6
88.1
88.7
89.1
89.5
90.0
90.4
90.8
91.2
91.7
92.0
92.5
92.8
93.4
93.7
94.0
94.5
94.9
95.3
95.5
95.8