0.1214
0.4249
0.6327
0.7266
0.8424
1.0455
1.2554
1.3395
1.4559
1.6673
2.0788
2.2887
2.4975
2.7002
2.9098
3.1156
3.3217
3.7331
3.9419
4.1530
4.3541
4.5641
4.9760
5.1402
5.3876
5.5949
5.7519
5.8080
6.0122
6.2183
6.4296
6.6304
6.7963
6.9109
7.0441
7.1862
7.2498
7.4627
7.5753
7.6670
7.8748
8.2401
8.2912
8.6991
8.9068
9.1170
9.3223
9.5304
9.9463
10.3580
10.5653
10.7718
10.9168
10.9764
11.1873
11.6006
12.0124
12.2176
12.4276
12.6334
12.8423
13.0529
13.2552
13.5347
13.6668
13.8095
13.8721
14.0839
14.1981
14.2907
14.4282
14.4974
14.7020
14.9102
15.3212
15.5329
15.7390
15.9454
16.1520
16.5653
16.9762
17.1845
17.3944
17.5982
17.8068
18.0194
18.2198
18.5563
18.6300
18.8139
19.0491
19.1916
19.2527
19.4610
19.6690
19.8755
20.2860
20.7035
20.9099
21.1162
21.5310
21.9416
22.1505
22.3579
22.7717
23.1859
23.5985
23.8032
24.0130
24.4269
24.6332
24.8403
25.2533
25.4584
25.6685
25.8727
26.0832
26.4965
26.9081
27.3247
27.5297
27.7379
28.1514
28.5631
28.7680
28.9790
29.3930
29.8063
30.2185
30.4233
30.6332
31.0479
31.2531
31.4617
31.8723
32.0778
32.2899
32.4939
32.7029
33.1159
33.5275
33.7031
33.9446
34.3576
34.5633
34.7722
34.9771
35.1832
35.3901
35.5993
35.8052
36.0135
36.4278
36.8398
37.0465
37.2547
37.6687
37.8754
38.0831
38.2874
38.4931
38.7008
38.9103
39.3250
39.7375
40.1493
40.2815
40.3573
40.5659
40.9789
41.1845
41.3924
41.5961
41.8036
42.0125
42.2198
42.4232
42.6342
43.0481
43.4598
43.6668
43.8765
44.0803
44.2897
44.4950
44.7028
44.9101
45.1140
45.3226
45.5306
45.7363
45.8978
46.3573
46.7688
46.9754
47.1858
47.3921
47.5990
47.8046
48.0134
48.2196
48.4237
48.6313
48.8406
49.0460
49.2554
49.6693
50.0802
50.2893
50.4958
50.9102
51.1147
51.3239
51.5293
51.7342
51.9419
52.1519
52.3545
52.5661
52.9786
53.3906
53.6005
53.8063
54.2200
54.4262
54.6343
54.8439
55.0454
55.2507
55.4618
55.6667
55.8753
56.2889
56.7010
56.9085
57.0101
57.1179
57.3219
57.5309
57.7359
57.9441
58.1502
58.3554
58.5620
58.7719
58.9786
59.1855
59.5997
60.0103
60.2194
60.4276
60.6301
60.8402
61.0477
61.2541
61.4617
61.6654
61.8724
62.0820
62.2880
62.4963
62.9103
63.3224
63.5288
63.7375
64.1516
64.3538
64.5652
64.7700
64.9767
65.1838
65.3930
65.5992
65.8072
66.2201
66.6319
66.8431
67.0491
67.4616
67.6670
67.8753
68.0812
68.2870
68.4932
68.7024
69.1170
69.5308
69.9421
70.1509
70.3590
70.5659
70.7723
70.9778
71.1853
71.3904
71.5969
71.8035
72.0137
72.2180
72.3634
72.4280
72.8406
73.2516
73.4572
73.6686
74.0814
74.1914
74.2895
74.4959
74.7010
74.9073
75.1150
75.3237
75.5281
75.7378
76.1510
76.5641
76.7688
76.9781
77.3927
77.5956
77.8060
78.0131
78.2179
78.4253
78.6339
78.8389
79.0483
79.4615
79.8733
80.0776
80.2903
80.7029
80.9084
81.1166
81.3169
81.5279
81.7356
81.9438
82.1515
82.3586
82.7720
83.1835
83.3899
83.6001
83.8076
84.0137
84.2194
84.4280
84.6313
84.8380
85.0475
85.2557
85.4587
85.6686
86.0822
86.4054
86.4927
86.9104
87.1190
87.3228
87.5295
87.7381
88.1483
88.5648
88.7699
88.9781
89.3936
89.6505
89.8051
90.2199
90.4273
90.6338
90.8399
91.0474
91.4593
91.8758
92.0807
92.2886
92.7029
92.9831
93.1139
93.5314
93.7371
93.9437
94.1495
94.3583
94.7691
95.1855
95.3933
95.5996
96.0141
96.4235
96.8412
97.0473
97.2547
97.4611
97.6685
98.0802
98.4966
98.7003
98.9098
99.3251
99.7347
100.1515
100.3598
100.5651
100.9793
101.3908
101.5962
101.8062
102.0146
102.2195
102.6347
103.0468
103.2509
103.4609
103.8755
104.0807
104.2890
104.7013
104.9070
105.1172
105.3230
105.5313
105.9442
106.3558
106.5614
106.7726
107.1859
107.5993
108.0107
108.2191
108.4270
108.8410
109.2541
109.6664
109.8724
110.0820
110.4958
110.7021
110.9095
111.3220
111.5295
111.7379
111.9434
112.1511
112.5658
112.9761
113.3917
113.8055
114.0124
114.2198
114.4246
114.6315
114.8360
115.0475
115.4610
115.8757
116.2877
116.7025
117.1169
117.3225
117.5305
117.7360
117.9419
118.1513
118.3582
118.5648
118.7723
119.1852
119.5969
119.8022
120.0128
120.4269
120.6321
120.8410
121.2517
121.4598
121.6680
122.0814
122.4962
122.9077
123.3237
123.7374
123.9425
124.1513
124.5621
124.7666
124.9795
125.1842
125.3924
125.8074
126.2175
126.4243
126.6335
127.0468
127.2532
127.4616
127.6678
127.8719
128.0802
128.2890
128.7029
129.1170
129.5287
129.9438
130.3587
130.5634
130.7724
130.9755
131.1830
131.3891
131.6002
132.0134
132.4267
132.8382
133.2544
133.6683
133.8738
134.0824
134.4931
134.6980
134.9092
135.3232
135.7374
136.1492
136.3561
136.5651
136.9787
137.1857
137.3927
137.5985
137.8037
138.0120
138.2208
138.6338
139.0486
139.1382
139.4606
139.6707
139.8761
140.0790
140.2909
140.4146
140.5023
140.7028
141.1147
141.3222
141.5315
141.7345
141.9452
142.1515
142.3571
142.7688
142.9774
143.1876
143.3895
143.5995
144.0112
144.4230
144.6330
144.7077
144.8088
145.0441
145.2536
145.3885
145.4627