0.0000
0.2038
0.3017
0.4012
0.5399
0.7846
0.9761
1.0743
1.1749
1.3639
1.5569
1.7501
1.8533
1.9485
2.1365
2.3316
2.5258
2.6241
2.7229
2.9107
3.1066
3.2987
3.3971
3.4974
3.6590
3.8795
4.0747
4.1686
4.2712
4.4589
4.6569
4.8480
4.9467
5.0464
5.2353
5.4285
5.6217
5.7185
5.8194
6.0082
6.2031
6.3963
6.5944
6.7829
6.9792
7.1703
7.2704
7.3688
7.5560
7.7525
7.9449
8.1422
8.3322
8.5268
8.7212
8.9157
9.1062
9.3014
9.4931
9.6910
9.8784
10.0738
10.2676
10.3665
10.4648
10.6543
10.8512
11.0429
11.1427
11.2385
11.4273
11.6238
11.8175
11.9117
12.0131
12.2027
12.3977
12.5887
12.7875
12.9749
13.1730
13.3640
13.5621
13.7503
13.9457
14.1374
14.3348
14.5234
14.7189
14.9123
15.0102
15.1097
15.2989
15.4956
15.6875
15.7821
15.8838
16.0714
16.2683
16.4611
16.5605
16.6582
16.8466
17.0448
17.2341
17.3328
17.4324
17.6207
17.8171
18.0093
18.1093
18.2061
18.3956
18.5906
18.7834
18.9809
19.1681
19.3671
19.5574
19.7551
19.9434
20.1394
20.3326
20.5296
20.7162
20.9129
21.1071
21.3037
21.4927
21.6890
21.8802
22.0771
22.4614
22.6536
22.7533
22.8517
23.2357
23.4293
23.6261
24.0115
24.2049
24.4003
24.5884
24.7848
24.9772
25.1743
25.3631
25.5578
25.7526
25.9493
26.1368
26.3330
26.5261
26.7230
26.9095
27.1061
27.2999
27.4966
27.6865
27.8830
28.0745
28.2710
28.6554
28.8487
29.0448
29.4283
29.6229
29.8196
30.2050
30.3964
30.5934
30.9781
31.1713
31.3673
31.5582
31.7545
31.9454
32.1417
32.3326
32.5273
32.7198
32.9160
33.1069
33.2998
33.4939
33.6902
33.8814
34.0766
34.2686
34.4641
34.6547
34.8492
35.0431
35.2378
35.4295
35.6230
35.8167
36.0129
36.2029
36.2848
36.3992
36.5921
36.7866
36.9778
37.1717
37.3649
37.5608
37.7519
37.9444
38.1388
38.3353
38.5258
38.7209
38.9136
39.1093
39.2987
39.4939
39.6870
39.8837
40.0736
40.2696
40.4620
40.6581
40.8485
41.0431
41.2368
41.4321
41.6233
41.8165
42.0099
42.2061
42.3966
42.5913
42.7839
42.9801
43.1708
43.3655
43.5579
43.7551
43.9437
44.1386
44.3319
44.5289
44.7196
44.9136
45.1055
45.3039
45.4925
45.6871
45.8809
46.0771
46.2679
46.4613
46.6544
46.8520
47.0405
47.2370
47.4286
47.6259
47.8163
48.0101
48.2041
48.4011
48.5907
48.7846
48.9766
49.0748
49.1743
49.3638
49.5593
49.7515
49.9490
50.1365
50.3317
50.5244
50.6236
50.7230
50.9131
51.1066
51.2982
51.4973
51.6859
51.8810
52.0731
52.1734
52.2708
52.4602
52.6552
52.8483
53.0451
53.2351
53.4308
53.6238
53.8199
54.0107
54.2037
54.3970
54.5939
54.7843
54.9777
55.1698
55.2697
55.3677
55.5569
55.7530
55.9452
56.1424
56.3337
56.5260
56.7194
56.9152
57.1068
57.3029
57.4947
57.6905
57.8832
58.0749
58.2686
58.4644
58.6556
58.8487
59.0440
59.2380
59.4289
59.6249
59.8173
60.0129
60.2055
60.3974
60.5937
60.7871
60.9332
61.1720
61.3660
61.5601
61.7523
61.9470
62.1390
62.3358
62.4850
62.7191
62.9128
63.1093
63.3005
63.4963
63.6883
63.8842
64.0748
64.2690
64.4620
64.6580
64.8495
65.0421
65.2362
65.4315
65.5772
65.8181
66.0110
66.2064
66.3989
66.5910
66.7840
66.9806
67.1721
67.3648
67.5604
67.7540
67.9455
68.1409
68.2508
68.3318
68.4322
68.5301
68.7183
68.9134
69.1070
69.2054
69.3034
69.4910
69.6902
69.8807
70.0771
70.2663
70.4627
70.6548
70.7546
70.8518
71.0390
71.2356
71.4287
71.6255
71.8134
72.0115
72.2037
72.2991
72.4004
72.5889
72.7852
72.9781
73.1737
73.3641
73.5579
73.7517
73.8509
73.9482
74.1372
74.3345
74.5247
74.7228
74.9104
75.1067
75.2998
75.4970
75.6856
75.8805
76.0734
76.2707
76.4591
76.6567
76.8483
77.0455
77.2331
77.4290
77.6231
77.8192
78.2040
78.3966
78.4939
78.5935
78.9785
79.1713
79.3677
79.5554
79.7517
79.9454
80.1423
80.5287
80.7203
80.9159
81.1061
81.3010
81.4946
81.6900
81.8816
82.0745
82.2675
82.4647
82.6544
82.8503
83.0418
83.2392
83.4278
83.6229
83.8163
84.0126
84.2032
84.3966
84.5909
84.7867
84.9778
85.1727
85.3656
85.5618
85.7520
85.9459
86.1394
86.3353
86.5254
86.7212
86.9134
87.1094
87.3000
87.4946
87.6873
87.8834
88.0742
88.2675
88.4614
88.6577
88.8482
89.0444
89.2361
89.4333
89.6224
89.8169
90.0109
90.2063
90.3972
90.5902
90.7843
90.9799
91.1709
91.3649
91.5586
91.7549
91.9442
92.1388
92.3321
92.5287
92.7197
92.9152
93.3036
93.4919
93.6884
93.8813
94.0773
94.2685
94.4620
94.6540
94.8518
95.0390
95.2368
95.4276
95.6260
96.0105
96.2037
96.3991
96.5873
96.7841
96.9786
97.1741
97.3641
97.5600
97.7529
97.9498
98.1376
98.3333
98.5256
98.6270
98.7227
98.9111
99.1063
99.2988
99.4976
99.6847
99.8822
100.0739
100.2716
100.4612
100.6556
100.8475
101.0456
101.2338
101.4320
101.6240
101.8187
102.2039
102.3972
102.5946
102.7811
102.9772
103.1711
103.3677
103.5572
103.7517
103.9463
104.1432
104.3314
104.5261
104.7188
104.9175
105.1037
105.3013
105.4952
105.6902
105.8800
106.0764
106.2689
106.4653
106.6537
106.8488
107.0421
107.2396
107.4278
107.6224
107.8157
108.0134
108.2033
108.3980
108.5917
108.7877
108.9775
109.1714
109.3660
109.5616
109.7527
109.9458
110.1386
110.3373
110.5246
110.7206
110.9142
111.1094
111.2991
111.4934
111.6883
111.8842
112.0747
112.2701
112.4626
112.6588
112.8482
113.0427
113.2364
113.4325
113.6221
113.8164
114.0105
114.2062
114.3967
114.5924
114.7855
114.9812
115.1696
115.3645
115.5591
115.7553
115.9453
116.1385
116.3334
116.5302
116.7184
116.9144
117.1073
117.3032
117.4931
117.6877
117.8809
118.0782
118.2686
118.4616
118.6558
118.8515
119.0415
119.2361
119.4285
119.6267
119.8147
119.8893
120.0093
120.2035
120.3994
120.5891
120.7838
120.9784
121.1749
121.3648
121.5587
121.7522
121.9488
122.1385
122.3333
122.5283
122.7227
122.9129
123.1063
123.3018
123.4973
123.6849
123.8808
124.0748
124.2714
124.4615
124.6549
124.8489
125.0446
125.2361
125.4303
125.6220
125.8197
126.0100
126.0710
126.2030
126.3981
126.5937
126.7851
126.9777
127.1722
127.3690
127.5572
127.7523
127.9458
128.1424
128.3336
128.5270
128.7200
128.9164
129.1065
129.3009
129.4945
129.6913
129.8802
130.0750
130.2687
130.4650
130.6559
130.8488
131.0434
131.2393
131.4284
131.6241
131.8164
132.0132
132.2010
132.3965
132.5910
132.7865
132.9766
133.1732
133.3654
133.5613
133.7521
133.9462
134.1399
134.3355
134.5267
134.7215
134.9153
135.1093
135.2999
135.4959
135.6889
135.8829
136.0742
136.2683
136.4612
136.6581
136.8484
137.0426
137.2363
137.4316
137.6229
137.8178
138.0106
138.2067
138.3971
138.5907
138.7847
138.9808
139.1700
139.3654
139.5601
139.7551
139.9434
140.1400
140.3331
140.5294
140.7210
140.9124
141.1083
141.3032
141.4932
141.6897
141.8810
142.0783
142.2678
142.4627
142.6556
142.8514
143.0083
143.2348
143.4294
143.6253
143.8168
144.0099
144.2031
144.4007
144.5905
144.7846
144.9774
145.1732
145.3654
145.5587
145.7519
145.9479
146.1390
146.3341
146.5272
146.7229
146.8530
146.9146
147.1083
147.3010
147.4975
147.6885
147.8816
148.0739
148.2707
148.4266
148.6561
148.8491
149.0453
149.2369
149.4285
149.6225
149.8189
150.0098
150.2050
150.3970
150.5943
150.7846
150.9784
151.1709
151.3671
151.5594
151.7518
151.9456
152.1420
152.3323
152.5278
152.7199
152.9156
153.1086
153.3002
153.4942
153.6906
153.8811
154.0753
154.2678
154.4641
154.6557
154.8503
155.0406
155.1414
155.2398
155.4282
155.6212
155.8156
155.9161
156.0130
156.2010
156.3994
156.5901
156.6888
156.7885
156.9755
157.1708
157.3632
157.4608
157.5617
157.7505
157.9435
158.1390
158.2363
158.3353
158.4854
158.7211
158.9123
159.0096
159.1109
159.3001
159.4932
159.6863
159.7834
159.8842
160.0253
160.2664
160.4617
160.5601
160.6577
160.8454