0.4
1.0
1.5
2.0
2.6
3.2
3.8
4.5
5.0
5.6
6.3
7.1
7.8
8.4
9.0
9.7
10.3
10.8
11.3
12.0
12.7
13.3
13.8
14.3
14.8
15.3
16.0
16.5
17.4
18.3
19.0
19.6
20.0
20.6
21.3
22.0
22.4
22.8
23.4
23.8
24.2
25.0
25.6
26.0
26.6
27.2
28.0
28.6
29.0
29.5
30.1
30.5
30.9
31.9
32.5
32.8
33.3
33.7
34.2
34.6
35.0
35.5
35.9
36.6
37.0
37.5
37.9
38.3
38.8
39.4
39.8
40.3
41.0
41.5
42.3
42.7
43.4
43.8
44.3
45.0
45.7
46.3
46.7
47.6
48.2
49.0
49.7
50.3
50.8
51.2
51.7
52.6
53.0
53.7
54.2
55.0
55.6
56.0
56.4
57.2
58.0
58.6
59.3
59.7
60.2
60.6
61.0
61.6
62.0
62.3
63.7
64.4
64.7
65.3
65.6
66.2
67.0
67.6
68.0
68.3
68.8
69.2
70.0
70.6
71.0
71.4
71.8
72.2
72.5
72.8
73.2
73.5
74.0
74.3
74.6
75.0
75.6
76.0
76.4
77.4
77.9
78.2
78.6
78.9
79.5
80.0
80.5
80.8
81.2
81.6
81.9
82.3
83.0
83.4
83.9
84.2
84.5
85.0
85.2
85.4
85.6
85.9
86.1
86.3
86.5
86.7
87.0
87.3
87.5
87.7
88.0
88.2
88.4
88.6
88.9
89.1
89.3
89.5
89.7
89.9
90.2
90.4
90.6
90.9
91.1
91.3
91.5
93.2
93.5
93.7
93.9
94.4
95.0
95.5
96.2
97.0
97.6
98.0
98.3
99.2
99.9
100.6
101.0
101.4
10.6
102.2
103.0
103.6
104.0
104.3
105.2
105.7
106.1
106.6
107.3
107.6
108.3
109.0
109.7
110.4
111.3
112.0
112.3
112.7
113.3
113.6
