0.9
1.8
2.7
3.7
4.5
5.3
6.2
6.8
7.4
8.0
8.9
9.5
10.1
10.8
11.5
12.2
12.8
13.4
13.9
14.4
15.1
15.6
16.1
16.9
18.0
18.6
19.1
19.6
20.5
21.1
21.7
22.4
22.9
23.7
24.4
25.0
25.5
26.0
26.9
27.4
27.9
28.5
29.0
29.7
30.5
31.0
31.6
32.2
32.9
33.5
34.0
34.5
34.9
35.4
36.0
36.4
36.8
37.3
37.8
38.4
38.9
39.3
39.7
40.3
40.9
41.5
42.0
42.4
42.8
43.4
43.9
44.4
44.9
45.4
46.1
46.7
47.1
47.5
48.0
48.4
48.8
49.4
50.0
50.3
50.7
51.3
51.9
52.2
52.7
53.3
54.0
54.4
54.8
55.3
55.8
56.2
57.0
57.5
57.9
58.3
58.8
59.3
59.8
60.0
60.3
60.8
61.3
61.6
62.0
62.6
63.3
63.7
64.1
64.7
65.2
65.4
65.7
66.2
66.9
67.4
68.0
68.4
68.9
69.3
69.7
70.1
70.5
71.1
71.7
72.1
72.6
73.2
73.5
73.8
74.4
74.9
75.5
76.1
76.5
76.8
77.3
78.0
78.6
79.0
79.4
79.8
80.2
80.6
81.3
81.7
82.3
83.1
83.5
84.0
84.4
85.0
85.4
86.0
86.8
87.3
87.7
88.3
88.9
89.7
90.2
90.6
91.0
91.2
91.4
92.0
92.6
93.1
93.5
93.9
94.5
95.0
95.5
96.0
96.4
96.7
97.2
97.6
98.0
98.6
99.3
100.0
100.5
100.9
101.3
101.7
102.0
102.6
103.3
103.8
104.4
104.6
105.1
105.5
105.9
106.6
106.9
107.3
107.7
108.2
108.4
108.6
109.2
109.8
110.2
110.6
111.3
111.9
112.3
112.5
112.7
113.3
113.7
114.4
114.9
115.4
115.8
116.2
116.9
117.3
117.7
118.3
118.7
119.1
119.5
119.9
120.4
120.8
121.4
121.8
122.2
122.9
123.3
123.7
123.9
124.3
124.8
125.3
125.8
126.2
126.6
127.2
127.6
128.0
128.3
128.9
129.3
129.7
130.3
130.5
130.7
131.3
131.6
132.2
132.6
133.0
133.3
133.8
134.2
134.6
135.1
135.5
135.7
135.9
136.4
136.9
137.1
137.8
138.1
138.3
138.6
139.2
139.6
140.1
140.4
140.9
141.3
141.8
142.3
142.7
142.9
143.2
143.7
144.4
144.8
145.1
145.2
145.4