2.0
2.9
3.7
4.6
5.5
6.3
7.2
7.45
8.0
8.9
9.15
9.8
10.6
10.9
11.4
12.3
12.6
13.2
14.1
14.35
14.9
15.8
16.05
16.7
17.5
17.75
18.3
19.2
19.55
20.0
20.9
21.4
21.8
22.4
23.5
24.3
24.8
25.2
25.8
26.9
27.7
28.2
28.6
29.2
30.3
31.2
31.6
32.1
32.7
33.7
34.6
35.0
35.5
36.3
36.8
37.2
38.1
38.5
38.9
39.7
40.6
41.5
41.9
42.3
43.2
43.6
44.1
44.9
45.3
45.8
46.6
47.5
48.4
48.8
49.2
49.5
51.7
52.2
52.6
52.85
55.1
55.6
56.0
56.3
58.6
59.1
59.5
59.75
62.0
62.9
63.8
64.6
65.5
66.4
67.2
68.1
68.9
69.8
70.6
71.4
72.4
73.2
74.1
74.9
75.8
76.1
76.7
77.5
77.8
78.3
79.2
79.5
80.1
80.9
81.2
81.7
82.6
82.9
83.5
84.3
84.6
85.2
86.1
86.4
87.0
87.7
88.0
88.6
89.5
89.9
90.3
90.7
92.9
93.3
93.8
94.2
