1.8
2.2
2.6
3.0
4.9
5.3
5.8
6.1
6.9
7.7
8.4
9.2
9.9
10.3
10.7
11.5
12.3
13.0
13.4
13.8
14.6
15.4
16.2
16.6
17.0
17.7
18.5
19.2
19.6
20.4
20.8
21.6
22.0
22.3
22.7
23.5
24.3
25.4
25.8
26.6
27.0
27.8
28.2
28.6
28.9
29.3
30.0
30.9
31.7
32.0
32.8
33.2
34.0
34.4
34.8
35.1
35.9
36.7
37.8
38.2
38.6
39.4
39.8
40.2
40.9
41.3
41.7
42.5
42.9
43.3
44.0
44.4
44.8
45.5
46.0
46.3
47.1
47.5
47.9
48.7
49.1
49.4
50.2
50.6
51.0
51.4
51.7
52.1
52.5
53.3
53.7
54.1
54.5
54.9
55.3
55.6
56.4
57.2
57.9
58.7
59.5
60.2
61.0
61.8
62.6
63.0
63.7
64.1
64.9
65.3
65.7
66.1
66.5
66.9
67.6
68.0
68.8
69.2
70.0
70.3
71.1
71.5
71.9
72.3
72.7
73.4
74.2
75.0
75.8
76.6
77.3
78.1
78.9
79.6
80.4
81.2
81.5
82.3
82.8
83.5
84.3
84.7
85.5
85.8
86.6
87.4
87.8
88.1
88.9
89.3
89.7
90.5
90.8
91.2
92.0
92.4
92.8
93.6
94.0
94.4
95.1
95.5
95.9
96.7
97.1
97.4
98.2
98.6
99.0
99.8
100.6
101.3
102.1
102.8
103.6
104.4
105.2
106.0
106.8
107.5
108.3
109.0
109.4
110.2
111.0
112.9
113.7
114.5
115.2
116.1
116.8
