1.9
2.3
2.8
3.2
3.6
4.0
4.4
4.8
5.2
5.7
6.0
6.4
7.3
8.1
9.0
9.8
10.6
11.4
12.2
13.1
13.9
14.3
14.7
15.6
16.4
17.2
17.6
18.1
18.9
19.7
20.6
21.3
22.2
23.0
23.8
24.7
25.5
26.3
27.1
27.5
28.0
28.4
28.8
29.3
29.7
30.4
30.9
31.3
31.7
32.2
32.5
33.0
33.8
34.6
35.5
36.3
37.1
37.9
38.7
39.6
40.4
40.8
41.6
42.1
42.9
43.7
44.1
44.9
45.4
46.2
47.0
47.4
47.8
48.7
49.1
50.3
50.7
51.2
52.0
52.4
53.6
54.1
54.5
55.3
55.7
56.9
57.4
57.8
58.6
59.0
60.2
61.1
61.9
62.8
63.6
64.4
65.2
66.1
66.9
67.3
68.1
68.6
69.4
70.2
70.6
71.5
71.9
72.7
73.5
73.9
74.4
75.2
75.6
76.0
76.8
77.3
77.7
78.5
78.9
79.3
80.1
80.6
81.0
81.8
82.2
82.7
83.4
83.9
84.3
85.1
85.5
85.9
86.7
87.1
88.0
88.4
89.2
89.7
90.5
90.9
91.7
92.1
92.5
93.4
93.8
94.6
95.0
95.9
96.3
97.1
97.5
97.9
98.3
98.8
99.2
100.0
100.8
101.6
102.5
103.3
104.1
105.0
105.8
106.6
107.4
108.3
109.1
109.9
110.7
111.6
112.4
113.2
114.1
114.9
115.7
116.5
117.4
118.2
119.0
119.8
120.3
120.7
121.1
121.5
121.9
122.3
123.1
123.6
124.0
124.4
124.8
125.2
125.6
126.4
126.9
127.3
128.1
128.5
129.3
129.8
130.2
131.1
131.5
131.9
132.3
133.1
133.5
133.9
134.8
135.1
136.0
136.4
136.8
137.6
138.1
138.5
138.9
139.7
140.5
141.4
142.2
143.0
143.9
144.7