1.1
1.4
1.7
2.7
3.0
3.4
4.3
4.7
5.0
5.9
6.3
6.6
7.6
7.9
8.2
9.1
9.5
9.8
10.7
11.1
11.4
12.3
12.7
13.0
13.6
14.3
15.2
15.9
16.7
17.5
18.4
19.1
19.9
20.8
21.6
22.4
23.2
24.0
24.8
25.6
26.3
26.7
27.2
27.9
28.3
28.7
29.5
29.9
30.4
31.1
31.6
31.9
32.8
33.2
33.6
34.3
34.7
35.2
36.0
36.4
36.8
37.5
37.9
38.3
39.2
39.6
40.3
40.7
41.6
42.4
42.8
43.6
43.9
44.8
45.6
45.9
46.7
47.1
48.0
48.7
49.1
50.0
50.3
51.2
52.0
52.7
53.6
54.3
55.2
55.9
56.8
57.5
58.4
59.2
60.0
60.7
61.6
62.3
63.2
63.9
64.7
65.1
66.0
66.4
66.8
67.2
68.0
68.4
69.2
69.6
70.0
70.4
71.2
71.5
72.5
72.8
73.2
73.6
74.4
74.8
75.6
76.0
76.4
76.8
77.6
78.0
78.4
79.2
79.6
80.7
81.2
81.6
82.4
82.8
83.9
84.4
84.8
85.5
86.0
87.2
87.6
88.0
88.8
89.1
90.4
91.2
92.0
92.8
93.6
94.3
95.1
95.9
96.8
97.5
98.3
99.1
100.0
100.8
101.6
102.4
103.2
103.6
104.0
104.4
104.8
105.2
105.6
106.4
106.8
107.2
107.9
108.4
108.8
109.6
110.0
110.4
110.8
111.1
111.4
112.0
112.6
113.1
113.6
114.4
114.8
115.2
116.0
116.8
117.6
118.4
119.2
120.0

