1.1
1.5
2.7
3.2
4.4
4.9
6.1
6.5
7.4
8.2
9.0
9.8
10.7
11.5
12.3
13.2
14.0
14.8
15.6
16.5
16.9
17.7
18.1
18.9
19.4
19.8
20.6
21.4
22.2
23.1
23.5
24.3
24.7
25.5
26.0
26.4
26.8
27.6
28.4
29.2
29.6
30.1
30.9
31.7
32.6
33.0
33.4
34.2
34.7
35.1
35.5
35.9
37.1
37.6
38.0
38.4
38.8
39.2
40.4
40.8
41.3
41.7
42.1
42.5
43.8
44.2
44.6
45.0
45.4
45.8
46.7
47.1
47.5
47.9
48.3
48.7
49.1
49.6
50.0
50.3
50.8
51.2
51.6
52.1
52.5
52.9
53.7
54.5
55.3
56.2
57.0
57.8
58.7
59.5
60.3
60.7
61.2
62.0
62.8
63.6
64.0
64.5
65.3
66.1
66.9
67.8
68.5
69.4
70.3
71.1
71.9
72.7
73.5
74.4
75.2
76.1
76.5
77.3
78.1
79.0
79.8
80.6
81.4
82.2
82.7
83.5
84.3
85.2
86.0
86.8
87.2
87.6
88.1
88.5
88.9
90.1
90.5
91.0
91.4
91.8
92.2
93.4
93.8
94.3
94.7
95.1
95.5
96.7
97.2
97.6
98.0
98.4
98.8
100.0
100.9
101.7
102.5
103.4
104.2
105.0
105.8
106.3
107.1
107.9
108.8
109.6
110.4
111.3
112.1
112.9
113.7
114.1
114.6
115.0
115.8
116.6
117.5